0.8502617801047121
0.8408376963350784
0.8722513089005236
0.8565445026178011
0.8659685863874346
0.8397905759162304
0.8272251308900523
0.8617801047120419
0.8450261780104711
0.8628272251308899
0.8198952879581153
0.869109947643979
0.8659685863874346
0.8513089005235603
0.8492146596858638
0.8366492146596858
0.8565445026178011
0.8335078534031413
0.8565445026178009
0.8701570680628272
0.8492146596858638
0.8575916230366492
0.8513089005235601
0.8628272251308899
0.8596858638743455
0.8586387434554975
0.8544502617801047
0.8492146596858638
0.869109947643979
0.8701570680628272
0.8418848167539267
0.8534031413612565
0.8774869109947645
0.8387434554973823
0.8649214659685864
0.8544502617801047
0.8471204188481675
0.8544502617801047
0.8481675392670157
0.8575916230366492
0.8460732984293194
0.8795811518324607
0.8492146596858638
0.8523560209424085
0.8293193717277486
0.8649214659685864
0.8596858638743455
0.8701570680628272
0.8628272251308899
0.8596858638743455
