0.5290697674418605
0.6453488372093024
0.6337209302325582
0.7674418604651163
0.7441860465116279
0.7267441860465116
0.75
0.7790697674418605
0.7848837209302325
0.7906976744186046
0.8546511627906976
0.8546511627906976
0.8430232558139535
0.8430232558139535
0.8255813953488372
0.8372093023255814
0.8488372093023255
0.8488372093023255
0.8488372093023255
0.8604651162790697
0.8604651162790697
0.8837209302325582
0.8662790697674418
0.8662790697674418
0.877906976744186
0.8662790697674418
0.8662790697674418
0.8662790697674418
0.872093023255814
0.8953488372093024
0.8837209302325582
0.8895348837209303
0.9011627906976745
0.9069767441860465
0.9127906976744186
0.9011627906976745
0.9127906976744186
0.8953488372093024
0.8953488372093024
0.8953488372093024
0.8953488372093024
0.8953488372093024
0.8953488372093024
0.8953488372093024
0.8953488372093024
0.8953488372093024
0.8953488372093024
0.8953488372093024
0.8953488372093024
0.8953488372093024
0.8953488372093024
0.8895348837209303
0.8953488372093024
0.8953488372093024
0.8895348837209303
0.8953488372093024
0.8953488372093024
0.8953488372093024
0.8953488372093024
0.9127906976744186
0.9127906976744186
0.9127906976744186
0.9127906976744186
0.9127906976744186
0.9127906976744186
0.9069767441860465
0.9186046511627907
0.9186046511627907
0.9186046511627907
0.9244186046511628
0.9244186046511628
0.9244186046511628
0.9244186046511628
0.9244186046511628
0.9244186046511628
0.9244186046511628
0.9244186046511628
0.9127906976744186
0.9127906976744186
0.9127906976744186
0.9127906976744186
0.9127906976744186
0.9186046511627907
0.9244186046511628
0.9244186046511628
0.9244186046511628
0.9244186046511628
0.9244186046511628
0.9244186046511628
0.9244186046511628
