0.47368421052631576
0.6
0.6210526315789474
0.6736842105263158
0.6421052631578947
0.6526315789473685
0.6421052631578947
0.6421052631578947
0.6842105263157895
0.6842105263157895
0.7157894736842105
0.7789473684210526
0.7473684210526316
0.7263157894736842
0.7473684210526316
0.7263157894736842
0.7578947368421053
0.7684210526315789
0.7157894736842105
0.7263157894736842
0.7157894736842105
0.7263157894736842
0.6947368421052632
0.7473684210526316
0.7473684210526316
0.7368421052631579
0.7578947368421053
0.7684210526315789
0.7684210526315789
0.7894736842105263
0.7894736842105263
0.8
0.8210526315789474
0.7894736842105263
0.7789473684210526
0.8315789473684211
0.8
0.8
0.8210526315789474
0.8105263157894737
0.8210526315789474
0.8315789473684211
0.8421052631578947
0.8315789473684211
0.8315789473684211
0.8315789473684211
0.8315789473684211
0.8210526315789474
0.8315789473684211
0.8315789473684211
0.8315789473684211
0.8315789473684211
0.7789473684210526
0.7473684210526316
0.7684210526315789
0.7578947368421053
0.7789473684210526
0.7894736842105263
0.7789473684210526
0.7894736842105263
0.7789473684210526
0.7789473684210526
0.8210526315789474
0.8105263157894737
0.8
0.8210526315789474
0.8315789473684211
0.8315789473684211
0.8526315789473684
0.8315789473684211
0.8421052631578947
0.8842105263157894
0.8736842105263158
0.8947368421052632
0.8947368421052632
0.8947368421052632
0.9052631578947369
0.8947368421052632
0.8842105263157894
0.8421052631578947
0.8210526315789474
0.8210526315789474
0.8421052631578947
0.8421052631578947
0.8421052631578947
0.8421052631578947
0.8421052631578947
0.8842105263157894
0.8842105263157894
0.8842105263157894
