0.9333333333333333
0.9466666666666667
0.9333333333333333
0.9466666666666667
0.9466666666666667
0.9466666666666667
0.9466666666666667
0.9333333333333333
0.9466666666666667
0.9133333333333334
0.9466666666666667
0.9466666666666667
0.9466666666666667
0.9466666666666667
0.9466666666666667
0.9466666666666667
0.9466666666666667
0.9466666666666667
0.9466666666666667
0.9466666666666667
0.9466666666666667
0.9333333333333332
0.9466666666666667
0.9466666666666665
0.9466666666666667
0.9466666666666667
0.9266666666666667
0.9466666666666667
0.9466666666666667
0.9466666666666667
0.9333333333333333
0.9466666666666667
0.9333333333333333
0.9466666666666667
0.9333333333333333
0.9333333333333332
0.9466666666666667
0.9266666666666667
0.9466666666666667
0.9333333333333333
0.9466666666666667
0.9466666666666667
0.9466666666666669
0.9466666666666667
0.9333333333333333
0.9466666666666667
0.9466666666666667
0.9466666666666667
0.9466666666666667
0.9466666666666667
