0.9466666666666668
0.9466666666666667
0.9459459459459459
0.9466666666666667
0.9466666666666667
0.9455782312925171
0.9305555555555556
0.9444444444444444
0.9466666666666669
0.9440559440559443
0.9444444444444445
0.9510489510489509
0.9428571428571431
0.9466666666666669
0.9444444444444445
0.9558823529411765
0.9444444444444444
0.9473684210526315
0.9285714285714285
0.9455782312925171
0.9469696969696969
0.9420289855072462
0.9444444444444445
0.9466666666666665
0.9615384615384616
0.9481481481481483
0.942857142857143
0.9379310344827587
0.9333333333333336
0.9435483870967742
0.953125
0.9393939393939394
0.9411764705882353
0.9428571428571428
0.9444444444444444
0.9459459459459459
0.9473684210526315
0.9572649572649573
0.9333333333333333
0.934959349593496
0.9603174603174602
0.9457364341085273
0.9469696969696969
0.9481481481481481
0.9565217391304348
0.9432624113475178
0.9444444444444443
0.9523809523809522
0.9466666666666668
0.9117647058823529
0.9519230769230769
0.9622641509433962
0.9537037037037037
0.9272727272727272
0.9464285714285714
0.9473684210526315
0.9396551724137931
0.940677966101695
0.9333333333333333
0.9508196721311475
0.9435483870967742
0.9603174603174603
0.9609375
0.9384615384615385
0.946969696969697
0.9477611940298507
0.9411764705882353
0.9420289855072463
0.9428571428571428
0.9436619718309859
0.9513888888888888
0.9383561643835616
0.9459459459459459
0.9466666666666667
0.9596491228070176
0.9345384345384344
0.934668071654373
0.9736286919831224
0.9492957746478874
0.9255731922398589
0.9745493107104984
0.9629695251594613
0.9633972992181947
0.9406417112299466
0.952772808586762
0.9533045977011494
0.9650072150072151
0.9322218194998187
0.922040072859745
0.954945054945055
0.9344141488577745
0.9770114942528735
0.9671519223590892
0.9778195488721804
0.9678030303030303
0.9478808705612829
0.9484020023103581
0.9584304584304585
0.9494117647058823
0.9207920792079208
0.9311724689875951
0.9603559870550162
0.9513093289689034
0.9331262939958592
0.9522012578616352
0.943500424808836
0.9621016365202413
0.9445172564438619
0.962749445676275
0.9367117117117116
0.9459706959706959
0.9378202142524452
0.9468942626837364
0.9557971014492754
0.9477832512315271
0.9482151835093011
0.9404211607601438
0.9409138655462185
0.9327956989247312
0.9338842975206612
0.9423403052572075
0.9506387921022067
0.9432497013142175
0.9513846153846154
0.9517460317460318
0.9520997375328084
0.9449728260869565
0.937984496124031
0.9604395604395605
0.9461832061068702
0.9393939393939394
0.9398496240601504
0.9402985074626866
0.9476851851851852
0.9480392156862746
0.9483837330552658
0.9420289855072463
0.9424460431654677
0.9428571428571428
0.9496453900709221
0.9499217527386541
0.9501748251748252
0.9503968253968255
0.9505747126436782
0.9452054794520548
0.9455782312925171
0.9459459459459459
0.9463087248322147
0.9466666666666667
