0.8361169102296451
0.8734177215189872
0.8636363636363636
0.8523706896551724
0.8506493506493504
0.8536324786324785
0.8397849462365587
0.865384615384615
0.8436807095343678
0.8304347826086955
0.8474945533769052
0.8526785714285714
0.8618266978922712
0.858225108225108
0.8591549295774645
0.8673245614035084
0.8592592592592585
0.8511627906976736
0.8439560439560436
0.8333333333333334
0.8514851485148515
0.8419811320754716
0.847972972972973
0.8362068965517241
0.8842975206611563
0.8571428571428569
0.8473282442748081
0.8676470588235285
0.8676122931442072
0.8424657534246562
0.8785871964679908
0.8429487179487172
0.8586956521739131
0.8674698795180723
0.8508771929824561
0.8721590909090909
0.830110497237569
0.8669354838709677
0.8808900523560209
0.8341836734693877
0.8855721393034826
0.8349514563106796
0.8791469194312796
0.8784722222222222
0.8461538461538461
0.8661504424778761
0.8495670995670995
0.850635593220339
0.8213114468888367
0.8512778329068087
0.8224301917058244
0.8532359829418344
0.8541299525675758
0.8530400943811519
0.8409744529099967
0.8403349001175088
0.8396245865342381
0.8388943098245424
0.8416509429662647
0.8426844760291626
0.8369394269335642
0.8396762163078487
0.8630482696766438
0.8462334997870941
0.8533565258409741
0.8449071761155853
0.8607932293732898
0.8420648747303799
0.8296791132472978
0.8509882877616851
0.8402341281718714
0.8495485147614065
0.8543544070035181
0.8508341156929299
0.8354056169028781
0.8362884160756502
0.8436521576934862
0.845695602781857
0.8488881182539338
0.8406898324562996
0.8352685166065726
0.8409654502194968
0.8489708206794893
0.844781571774682
0.8513713786872931
0.8508073362292132
0.839691917621451
0.8484261309712116
0.8366021733368671
0.8395522388059701
0.8435640098027775
0.8452081000373274
0.8457817904672569
0.8473613098076618
0.8436992631447483
0.8443877551020409
