0.8940972222222223
0.9293981481481479
0.9335664335664334
0.9351851851851852
0.934959349593496
0.934731934731934
0.9324970131421738
0.9369212962962964
0.9367015098722411
0.9287439613526562
0.9375
0.9351190476190474
0.9350117096018741
0.9312354312354297
0.9372065727699533
0.9366028708133961
0.937037037037038
0.9348837209302334
0.9297924297924284
0.9357638888888876
0.9331683168316832
0.9339622641509434
0.9182754182754191
0.9310344827586219
0.9309327036599773
0.9186507936507945
0.9268447837150139
0.9405637254901971
0.9367612293144219
0.9232876712328779
0.9298013245033124
0.9166666666666681
0.9372670807453433
0.9313253012048209
0.930409356725148
0.9140625
0.9185082872928176
0.9301075268817204
0.9247382198952879
0.9349489795918368
0.9322139303482587
0.9320388349514563
0.9366113744075829
0.9357638888888888
0.9125188536953257
0.9306784660766968
0.9408369408369415
0.9145480225988711
0.9308437067773179
0.9186991869918713
0.9236387782204526
0.9251302083333343
0.9157088122605375
0.9279448621553895
0.9292742927429289
0.9335748792270543
0.9365361803084232
0.9353146853146865
0.9166666666666666
0.9231418918918919
0.9219269102990033
0.8995098039215687
0.9381028938906752
0.9066455696202531
0.9065420560747663
0.9248466257668712
0.9138972809667674
0.9099702380952381
0.9178885630498533
0.9154624277456648
0.9202279202279202
0.9150280898876404
0.9265927977839336
0.9187158469945356
0.9292452830188679
0.9235372340425532
0.9140419947506562
0.9183937823834197
0.9290281329923273
0.9217171717171717
0.9339152119700748
0.9322660098522167
0.9330900243309003
0.9332932692307693
0.9317102137767221
0.9325117370892019
0.935614849187935
0.9333537623243018
0.9431848300122883
0.9393279435952661
0.9400311547360829
0.9308163692585196
0.9261303615060197
0.9323105422157124
0.9362140084224271
0.9316348160885976
0.9406549263133357
0.9289212888214796
0.9377850846699766
0.9394080732700135
0.9360316505915267
0.9396240924801958
0.9392391433719833
0.9495303793667211
0.9375165885781179
0.9381160454027216
0.9405890275201383
0.9317979168086509
0.9342879263599665
0.9275809224788817
0.9409381811234901
0.9333876496857619
0.9348539176041841
0.9354398612615492
0.9438639882808189
0.9356811452917388
0.9370968378426784
0.9342283441890675
0.9339219925945862
0.9378507242573082
0.9400382663934557
0.9372027628294745
0.9385428873028017
0.9390449841908594
0.9314909052432488
0.9328504162731663
0.939706865483224
0.9362553844460041
0.9344040875728988
0.9357036081926446
0.9377340571342233
0.9351384745861847
0.9333951610804863
0.9338582915409112
0.938852882619562
0.9385564955346632
0.9367915431305941
0.9358110591175246
0.9406010584835076
0.9360077935809543
0.9343271080631862
0.9305457502613919
0.9352428336471548
0.9329232737053966
0.9354579151101596
0.9407141649511193
0.9390706896816736
0.9347429580443241
0.9331410119818389
0.9376025158086447
0.9353783794881421
0.9364622192963207
0.93621728338634
0.9366244317504074
0.934455565034645
0.9348862775933369
0.9340052289786623
0.9350739858349135
0.9348581404749005
0.9340085463815427
0.9356660473620573
0.9360511972174503
0.9346197725203682
0.9331981503941783
0.9342055525221555
0.9370066979025817
0.9349911094347756
0.9353752203475195
0.9340071343638525
0.9366973356335059
0.9353483918701311
0.9357133040131941
0.9355400696864111
