0.9223188405797101
0.9142028985507246
0.9217391304347826
0.9142028985507247
0.9182608695652172
0.9182608695652175
0.9171014492753624
0.9159420289855073
0.927536231884058
0.9228985507246378
0.9205797101449275
0.9153623188405797
0.9223188405797101
0.9171014492753622
0.9223188405797101
0.9159420289855073
0.9159420289855073
0.9194202898550724
0.913623188405797
0.9153623188405797
0.9205797101449275
0.9159420289855073
0.9217391304347826
0.9234782608695653
0.9252173913043478
0.9217391304347826
0.9205797101449276
0.9107246376811595
0.9194202898550724
0.9252173913043478
0.9084057971014492
0.9153623188405797
0.927536231884058
0.9130434782608697
0.9205797101449275
0.911304347826087
0.9118840579710146
0.9159420289855073
0.9176811594202899
0.9165217391304348
0.9228985507246377
0.9234782608695651
0.9101449275362319
0.9234782608695651
0.928695652173913
0.9205797101449275
0.9223188405797101
0.9130434782608695
0.9159420289855073
0.913623188405797
